chrom	length	bases	mean	min	max
1	249250621	526832694	2.11	0	1547
1_region	4526155	291624086	64.43	0	1547
2	243199373	366848958	1.51	0	2278
2_region	3341081	183890681	55.04	0	577
3	198022430	269050592	1.36	0	1249
3_region	2544649	130117137	51.13	0	366
4	191154276	236181108	1.24	0	2017
4_region	1760274	114424437	65.00	0	2017
5	180915260	250468407	1.38	0	990
5_region	2045078	116239983	56.84	0	659
6	171115067	249810423	1.46	0	986
6_region	2274727	130037664	57.17	0	986
7	159138663	264983737	1.67	0	861
7_region	2191908	128670671	58.70	0	826
8	146364022	216317041	1.48	0	2097
8_region	1571772	96371251	61.31	0	1870
9	141213431	211776783	1.50	0	603
9_region	1852022	110000483	59.39	0	603
10	135534747	208262274	1.54	0	703
10_region	1823673	104943908	57.55	0	703
11	135006516	248472073	1.84	0	736
11_region	2631843	141270028	53.68	0	614
12	133851895	232621859	1.74	0	490
12_region	2360110	125176518	53.04	0	490
13	115169878	100130798	0.87	0	659
13_region	800934	41144617	51.37	0	659
14	107349540	150533389	1.40	0	544
14_region	1496259	79998180	53.47	0	544
15	102531392	209906560	2.05	0	687
15_region	1632199	108053191	66.20	0	687
16	90354753	220100356	2.44	0	748
16_region	1960506	122391671	62.43	0	748
17	81195210	241123326	2.97	0	768
17_region	2547472	144959160	56.90	0	768
18	78077248	86591149	1.11	0	977
18_region	696089	39340624	56.52	0	977
19	59128983	214161007	3.62	0	557
19_region	2851205	141586637	49.66	0	557
20	63025520	101031548	1.60	0	404
20_region	1061536	53450071	50.35	0	404
21	48129895	49666128	1.03	0	509
21_region	446392	22858952	51.21	0	418
22	51304566	101198522	1.97	0	664
22_region	972488	55047957	56.61	0	664
X	155270560	123557154	0.80	0	539
X_region	1773696	63367940	35.73	0	539
Y	59373566	35585570	0.60	0	830
Y_region	153417	13095860	85.36	0	830
MT	16569	1310227	79.08	3	1709
MT_region	11333	658324	58.09	19	149
GL000207.1	4262	4624	1.08	0	6
GL000207.1_region	0	0	0.00	0	0
GL000226.1	15008	473744	31.57	0	127
GL000226.1_region	0	0	0.00	0	0
GL000229.1	19913	146557	7.36	0	109
GL000229.1_region	0	0	0.00	0	0
GL000231.1	27386	45351	1.66	0	60
GL000231.1_region	0	0	0.00	0	0
GL000210.1	27682	9598	0.35	0	5
GL000210.1_region	0	0	0.00	0	0
GL000239.1	33824	55737	1.65	0	16
GL000239.1_region	0	0	0.00	0	0
GL000235.1	34474	70891	2.06	0	254
GL000235.1_region	0	0	0.00	0	0
GL000201.1	36148	116296	3.22	0	101
GL000201.1_region	0	0	0.00	0	0
GL000247.1	36422	39187	1.08	0	106
GL000247.1_region	0	0	0.00	0	0
GL000245.1	36651	35297	0.96	0	13
GL000245.1_region	0	0	0.00	0	0
GL000197.1	37175	36268	0.98	0	68
GL000197.1_region	0	0	0.00	0	0
GL000203.1	37498	8487	0.23	0	4
GL000203.1_region	0	0	0.00	0	0
GL000246.1	38154	49484	1.30	0	93
GL000246.1_region	0	0	0.00	0	0
GL000249.1	38502	30384	0.79	0	53
GL000249.1_region	0	0	0.00	0	0
GL000196.1	38914	25929	0.67	0	33
GL000196.1_region	0	0	0.00	0	0
GL000248.1	39786	13104	0.33	0	6
GL000248.1_region	0	0	0.00	0	0
GL000244.1	39929	97179	2.43	0	149
GL000244.1_region	0	0	0.00	0	0
GL000238.1	39939	286104	7.16	0	177
GL000238.1_region	0	0	0.00	0	0
GL000202.1	40103	18106	0.45	0	5
GL000202.1_region	0	0	0.00	0	0
GL000234.1	40531	84376	2.08	0	207
GL000234.1_region	0	0	0.00	0	0
GL000232.1	40652	77299	1.90	0	156
GL000232.1_region	0	0	0.00	0	0
GL000206.1	41001	11936	0.29	0	4
GL000206.1_region	0	0	0.00	0	0
GL000240.1	41933	36008	0.86	0	42
GL000240.1_region	0	0	0.00	0	0
GL000236.1	41934	84695	2.02	0	155
GL000236.1_region	0	0	0.00	0	0
GL000241.1	42152	150807	3.58	0	146
GL000241.1_region	0	0	0.00	0	0
GL000243.1	43341	45744	1.06	0	23
GL000243.1_region	0	0	0.00	0	0
GL000242.1	43523	122889	2.82	0	83
GL000242.1_region	0	0	0.00	0	0
GL000230.1	43691	136589	3.13	0	126
GL000230.1_region	0	0	0.00	0	0
GL000237.1	45867	206143	4.49	0	374
GL000237.1_region	0	0	0.00	0	0
GL000233.1	45941	31346	0.68	0	114
GL000233.1_region	0	0	0.00	0	0
GL000204.1	81310	35334	0.43	0	5
GL000204.1_region	0	0	0.00	0	0
GL000198.1	90085	24645	0.27	0	6
GL000198.1_region	0	0	0.00	0	0
GL000208.1	92689	118041	1.27	0	40
GL000208.1_region	0	0	0.00	0	0
GL000191.1	106433	146181	1.37	0	79
GL000191.1_region	0	0	0.00	0	0
GL000227.1	128374	243901	1.90	0	291
GL000227.1_region	0	0	0.00	0	0
GL000228.1	129120	4245326	32.88	0	640
GL000228.1_region	0	0	0.00	0	0
GL000214.1	137718	899949	6.53	0	289
GL000214.1_region	0	0	0.00	0	0
GL000221.1	155397	552329	3.55	0	282
GL000221.1_region	0	0	0.00	0	0
GL000209.1	159169	1044462	6.56	0	171
GL000209.1_region	0	0	0.00	0	0
GL000218.1	161147	368672	2.29	0	334
GL000218.1_region	0	0	0.00	0	0
GL000220.1	161802	5792503	35.80	0	1924
GL000220.1_region	0	0	0.00	0	0
GL000213.1	164239	419260	2.55	0	308
GL000213.1_region	0	0	0.00	0	0
GL000211.1	166566	659530	3.96	0	234
GL000211.1_region	0	0	0.00	0	0
GL000199.1	169874	366649	2.16	0	166
GL000199.1_region	0	0	0.00	0	0
GL000217.1	172149	112246	0.65	0	57
GL000217.1_region	0	0	0.00	0	0
GL000216.1	172294	463109	2.69	0	479
GL000216.1_region	0	0	0.00	0	0
GL000215.1	172545	198589	1.15	0	148
GL000215.1_region	0	0	0.00	0	0
GL000205.1	174588	523135	3.00	0	538
GL000205.1_region	0	0	0.00	0	0
GL000219.1	179198	169037	0.94	0	112
GL000219.1_region	0	0	0.00	0	0
GL000224.1	179693	427275	2.38	0	66
GL000224.1_region	0	0	0.00	0	0
GL000223.1	180455	339297	1.88	0	86
GL000223.1_region	0	0	0.00	0	0
GL000195.1	182896	424352	2.32	0	267
GL000195.1_region	0	0	0.00	0	0
GL000212.1	186858	1735121	9.29	0	571
GL000212.1_region	0	0	0.00	0	0
GL000222.1	186861	805356	4.31	0	1271
GL000222.1_region	0	0	0.00	0	0
GL000200.1	187035	125103	0.67	0	88
GL000200.1_region	0	0	0.00	0	0
GL000193.1	189789	663238	3.49	0	265
GL000193.1_region	0	0	0.00	0	0
GL000194.1	191469	614208	3.21	0	378
GL000194.1_region	0	0	0.00	0	0
GL000225.1	211173	1693361	8.02	0	421
GL000225.1_region	0	0	0.00	0	0
GL000192.1	547496	1515629	2.77	0	217
GL000192.1_region	0	0	0.00	0	0
hs37d5	35477943	84506093	2.38	0	1154
hs37d5_region	0	0	0.00	0	0
total	3137282682	5028303773	1.60	0	2278
total_region	45326818	2558720031	56.45	0	2017
