chrom	length	bases	mean	min	max
1	249250621	8160129823	32.74	0	7056
1_region	249250621	8160129823	32.74	0	7056
2	243199373	8633902599	35.50	0	29182
2_region	243199373	8633902599	35.50	0	29182
3	198022430	7017996482	35.44	0	1076
3_region	198022430	7017996482	35.44	0	1076
4	191154276	6773533703	35.43	0	3939
4_region	191154276	6773533703	35.43	0	3939
5	180915260	6438533929	35.59	0	3296
5_region	180915260	6438533929	35.59	0	3296
6	171115067	6082776072	35.55	0	25083
6_region	171115067	6082776072	35.55	0	25083
7	159138663	5600692166	35.19	0	4943
7_region	159138663	5600692166	35.19	0	4943
8	146364022	5254397587	35.90	0	20589
8_region	146364022	5254397587	35.90	0	20589
9	141213431	4265646864	30.21	0	1559
9_region	141213431	4265646864	30.21	0	1559
10	135534747	4710798305	34.76	0	1753
10_region	135534747	4710798305	34.76	0	1753
11	135006516	4708925451	34.88	0	2172
11_region	135006516	4708925451	34.88	0	2172
12	133851895	4729793469	35.34	0	29584
12_region	133851895	4729793469	35.34	0	29584
13	115169878	3454745814	30.00	0	533
13_region	115169878	3454745814	30.00	0	533
14	107349540	3215329771	29.95	0	1497
14_region	107349540	3215329771	29.95	0	1497
15	102531392	2959757858	28.87	0	8336
15_region	102531392	2959757858	28.87	0	8336
16	90354753	3086793342	34.16	0	29517
16_region	90354753	3086793342	34.16	0	29517
17	81195210	2796286277	34.44	0	5972
17_region	81195210	2796286277	34.44	0	5972
18	78077248	2719509098	34.83	0	8679
18_region	78077248	2719509098	34.83	0	8679
19	59128983	1973674352	33.38	0	896
19_region	59128983	1973674352	33.38	0	896
20	63025520	2143056505	34.00	0	951
20_region	63025520	2143056505	34.00	0	951
21	48129895	1346501123	27.98	0	5872
21_region	48129895	1346501123	27.98	0	5872
22	51304566	1257305588	24.51	0	669
22_region	51304566	1257305588	24.51	0	669
X	155270560	5291992272	34.08	0	19089
X_region	155270560	5291992272	34.08	0	19089
Y	59373566	22978672	0.39	0	2846
Y_region	59373566	22978672	0.39	0	2846
MT	16569	22988959	1387.47	587	1597
MT_region	16569	22988959	1387.47	587	1597
GL000207.1	4262	169967	39.88	0	102
GL000207.1_region	4262	169967	39.88	0	102
GL000226.1	15008	132911968	8856.07	24	28713
GL000226.1_region	15008	132911968	8856.07	24	28713
GL000229.1	19913	1281640	64.36	1	104
GL000229.1_region	19913	1281640	64.36	1	104
GL000231.1	27386	1774968	64.81	0	174
GL000231.1_region	27386	1774968	64.81	0	174
GL000210.1	27682	533373	19.27	0	63
GL000210.1_region	27682	533373	19.27	0	63
GL000239.1	33824	4257518	125.87	1	557
GL000239.1_region	33824	4257518	125.87	1	557
GL000235.1	34474	2498207	72.47	1	285
GL000235.1_region	34474	2498207	72.47	1	285
GL000201.1	36148	644108	17.82	0	43
GL000201.1_region	36148	644108	17.82	0	43
GL000247.1	36422	2133790	58.59	0	222
GL000247.1_region	36422	2133790	58.59	0	222
GL000245.1	36651	2315874	63.19	0	211
GL000245.1_region	36651	2315874	63.19	0	211
GL000197.1	37175	706922	19.02	0	47
GL000197.1_region	37175	706922	19.02	0	47
GL000203.1	37498	893543	23.83	0	88
GL000203.1_region	37498	893543	23.83	0	88
GL000246.1	38154	736235	19.30	0	60
GL000246.1_region	38154	736235	19.30	0	60
GL000249.1	38502	698723	18.15	0	40
GL000249.1_region	38502	698723	18.15	0	40
GL000196.1	38914	693800	17.83	0	37
GL000196.1_region	38914	693800	17.83	0	37
GL000248.1	39786	739262	18.58	0	56
GL000248.1_region	39786	739262	18.58	0	56
GL000244.1	39929	1562031	39.12	0	117
GL000244.1_region	39929	1562031	39.12	0	117
GL000238.1	39939	768588	19.24	0	60
GL000238.1_region	39939	768588	19.24	0	60
GL000202.1	40103	1078737	26.90	0	61
GL000202.1_region	40103	1078737	26.90	0	61
GL000234.1	40531	2923695	72.13	0	156
GL000234.1_region	40531	2923695	72.13	0	156
GL000232.1	40652	2827309	69.55	0	205
GL000232.1_region	40652	2827309	69.55	0	205
GL000206.1	41001	766187	18.69	0	63
GL000206.1_region	41001	766187	18.69	0	63
GL000240.1	41933	2290695	54.63	0	194
GL000240.1_region	41933	2290695	54.63	0	194
GL000236.1	41934	871583	20.78	0	50
GL000236.1_region	41934	871583	20.78	0	50
GL000241.1	42152	3220252	76.40	5	270
GL000241.1_region	42152	3220252	76.40	5	270
GL000243.1	43341	3203506	73.91	0	284
GL000243.1_region	43341	3203506	73.91	0	284
GL000242.1	43523	743706	17.09	0	48
GL000242.1_region	43523	743706	17.09	0	48
GL000230.1	43691	833628	19.08	0	83
GL000230.1_region	43691	833628	19.08	0	83
GL000237.1	45867	7053839	153.79	0	338
GL000237.1_region	45867	7053839	153.79	0	338
GL000233.1	45941	713875	15.54	0	70
GL000233.1_region	45941	713875	15.54	0	70
GL000204.1	81310	2286710	28.12	0	61
GL000204.1_region	81310	2286710	28.12	0	61
GL000198.1	90085	4376844	48.59	0	149
GL000198.1_region	90085	4376844	48.59	0	149
GL000208.1	92689	13264127	143.10	0	4166
GL000208.1_region	92689	13264127	143.10	0	4166
GL000191.1	106433	2260566	21.24	0	62
GL000191.1_region	106433	2260566	21.24	0	62
GL000227.1	128374	2580893	20.10	0	73
GL000227.1_region	128374	2580893	20.10	0	73
GL000228.1	129120	9053889	70.12	0	11166
GL000228.1_region	129120	9053889	70.12	0	11166
GL000214.1	137718	46848421	340.18	3	3890
GL000214.1_region	137718	46848421	340.18	3	3890
GL000221.1	155397	11389680	73.29	0	223
GL000221.1_region	155397	11389680	73.29	0	223
GL000209.1	159169	3812626	23.95	0	66
GL000209.1_region	159169	3812626	23.95	0	66
GL000218.1	161147	17350556	107.67	1	229
GL000218.1_region	161147	17350556	107.67	1	229
GL000220.1	161802	322789662	1994.97	4	12962
GL000220.1_region	161802	322789662	1994.97	4	12962
GL000213.1	164239	2672003	16.27	0	60
GL000213.1_region	164239	2672003	16.27	0	60
GL000211.1	166566	6334207	38.03	0	157
GL000211.1_region	166566	6334207	38.03	0	157
GL000199.1	169874	54326211	319.80	0	16295
GL000199.1_region	169874	54326211	319.80	0	16295
GL000217.1	172149	5583015	32.43	0	154
GL000217.1_region	172149	5583015	32.43	0	154
GL000216.1	172294	10907855	63.31	0	1260
GL000216.1_region	172294	10907855	63.31	0	1260
GL000215.1	172545	2681732	15.54	0	62
GL000215.1_region	172545	2681732	15.54	0	62
GL000205.1	174588	19303517	110.57	0	315
GL000205.1_region	174588	19303517	110.57	0	315
GL000219.1	179198	20782506	115.98	0	377
GL000219.1_region	179198	20782506	115.98	0	377
GL000224.1	179693	45964760	255.80	1	3631
GL000224.1_region	179693	45964760	255.80	1	3631
GL000223.1	180455	3886529	21.54	0	56
GL000223.1_region	180455	3886529	21.54	0	56
GL000195.1	182896	24058961	131.54	0	346
GL000195.1_region	182896	24058961	131.54	0	346
GL000212.1	186858	9368559	50.14	0	274
GL000212.1_region	186858	9368559	50.14	0	274
GL000222.1	186861	5099633	27.29	0	1020
GL000222.1_region	186861	5099633	27.29	0	1020
GL000200.1	187035	1962469	10.49	0	61
GL000200.1_region	187035	1962469	10.49	0	61
GL000193.1	189789	11414987	60.15	0	1516
GL000193.1_region	189789	11414987	60.15	0	1516
GL000194.1	191469	10240319	53.48	0	225
GL000194.1_region	191469	10240319	53.48	0	225
GL000225.1	211173	14548774	68.90	0	2784
GL000225.1_region	211173	14548774	68.90	0	2784
GL000192.1	547496	19066683	34.83	0	653
GL000192.1_region	547496	19066683	34.83	0	653
NC_007605	171823	859	0.00	0	14
NC_007605_region	171823	859	0.00	0	14
hs37d5	35477943	4386217932	123.63	0	62732
hs37d5_region	35477943	4386217932	123.63	0	62732
total	3137454505	107940329095	34.40	0	62732
total_region	3137454505	107940329095	34.40	0	62732
